0 -8.976985099999979 29.7182191 Tafraoute
1 -12.926285099999973 27.9375382 Tarfaya 
2 -8.874876500000028 30.4727126 Taroudante  
3 -7.975634300000024 29.750877 Tata
4 -6.927396899999962 33.9203274 Temara
5 -2.8935027999999647 34.3983716 Taourirte
6 -6.3207151000000295 33.8954803 Tifelt
7 -7.484122200000002 33.5507563 Titmelil
8 -4.727752799999962 31.9051275 Tafilate
9 -9.73215700000003 29.693392 Tiznit   
10 -4.639869299999987 34.536917 Taounate
11 -8.52267059999997 32.2438426 Youssoufia
12 -5.840658699999949 30.34589979999999 Zagoura	
13 -8.709578899999997 32.6243878 Zemamra
14 -7.5898434 33.5731104 Casablanca
15 -5.0002800 34.0331300 Fes
16 -9.2371800 32.2993900 Safi
17 -5.7077500 34.2214900 SidiKacem 
18 -5.7997500 35.7672700 Tanger
19 -6.7984600 34.0531000 Salé    
