0 -8.976985099999979 29.7182191 Tafraoute
1 -12.926285099999973 27.9375382 Tarfaya 
2 -8.874876500000028 30.4727126 Taroudante  
3 -7.975634300000024 29.750877 Tata
4 -6.927396899999962 33.9203274 Temara
5 -2.8935027999999647 34.3983716 Taourirte
6 -6.3207151000000295 33.8954803 Tifelt
7 -7.484122200000002 33.5507563 Titmelil
8 -4.727752799999962 31.9051275 Tafilate
9 -9.73215700000003 29.693392 Tiznit   
10 -4.639869299999987 34.536917 Taounate
11 -8.52267059999997 32.2438426 Youssoufia
12 -5.840658699999949 30.34589979999999 Zagoura	
13 -8.709578899999997 32.6243878 Zemamra
14 -7.5898434 33.5731104 Casablanca
15 -5.0002800 34.0331300 Fes
16 -9.2371800 32.2993900 Safi
17 -5.7077500 34.2214900 SidiKacem 
18 -5.7997500 35.7672700 Tanger
19 -6.7984600 34.0531000 Salé    
20 -7.9999400 31.6341600 Marrakech 
21 -5.5472700 33.8935200 Meknès
22 -6.8325500 34.0132500 Rabat
23 -1.9085800 34.6813900 Oujda
24 -6.5802000 34.2610100 Kénitra  
25 -9.5981500 30.4201800 Agadir
26 -5.3683700 35.5784500 Tétouan
27 -7.3829800 33.6860700 Mohammédia
28 -6.9063000 32.8810800 Khouribga
29 -8.5060200 33.2549200 ElJadida 
30 -6.3498300 32.3372500 BéniMellal 
31 -4.0100000 34.2100000 Taza
32 -5.6616700 32.9349200 Khénifra
33 -9.7700000 31.5125000 Essaouira
34 -3.9372300 35.2516500 AlHoceima 
35 -2.3200000 34.9200000  Berkane
36 -1.9620900 32.5337900 Bouafra 
37 -5.2636000 35.1687800 Chechaouèn 
38 -10.0573800 28.9869600 Guelmim 
39 -2.9335200 35.1681300 Nador
40 -6.7746400 32.9004600 Boujniba 
41 -6.573000 31.964910 Azilal
42 -5.231887 33.4347305 Azrou
43 -7.4503829 33.6353103 AinHarrouda
44 -7.13055359 33.6189698 BenSlimane
45 -7.011459000000059 31.7320849 Demnate
46 -7.5843171 33.268687 Berrechide
47 -7.63311299999998 33.4497542 Bouskoura
48 -7.159941900000035 33.7734338 Bouznika
49 -4.730339700000059 33.3625159 Boulmane
50 -6.393222000000037 32.7691969 Bejaad
51 -4.428498499999932 31.927236 Errachidia
52 -11.67836710000006 26.741856 Essmara
53 -7.227533600000015 33.2787909 Elgara
54 -5.367784400000005 33.685735 Elhajeb
55 -9.029470800000013 32.7361897 Loualidia
56 -8.00016329999994 33.3736523 Lbirjdid
57 -13.199075799999946 27.1500384 Laayoun
58 -7.573253700000009 33.3670393 Nouaceur
59 -6.937015999999971 30.9335436 Ourzazate
60 -5.093710099999953 35.4449242 Ouadlaou
61 -6.5775187000000415 32.8501501 Ouadzem
62 -5.567557999999963 34.7953732 Ouazane
63 -6.0017674000000625 33.425066 Oulmess
64 -6.6023665000000165 33.5229186 Romani
65 -5.284117700000024 35.6196262 Martil
66 -9.636919000000034 30.0040871 Massa
67 -8.764638800000057 31.5383581 Chichawa
68 -5.323321299999975 35.6805832 Mediq
69 -7.516602000000034 33.4540939 Mediouna
70 -4.732926799999973 32.6799423 Midelt
71 -6.67584080000006 34.2562684 Mehdia
72 -4.451013800000055 31.9370967 Moulayalicherif
73 -5.521051100000022 34.055902 Moulaydrisszerhoun
74 -6.274773399999958 34.8826391 Moulaybousselham
75 -6.197785100000033 33.2253439 Moulaybouazza
76 -6.030865 35.464612 Assilah
77 -4.234382999 31.43663339 Arfoud
78 -7.67108889 31.5634338 Aitourir
79 -9.1525340 30.0688758 Aitbaha
80 -8.3471781 33.286667 Azemour
81 -1.9734743 32.5275178 Bouarfa
82 -14.48473469999999 26.1252493 Boujdour
83 -15.934738400000015 23.7221111 Dakhla
84 -4.957494699999984 31.6891751 Goulmima
85 -3.3489670999999817 34.2299391 Guercif
86 -7.505773699999963 32.7668648 Guisser
87 -2.2876645000000053 35.0998833 Saidia
88 -9.081991399999993 32.1062572 Sebtgzoula
89 -4.835315400000013 33.8305244 Sefro
90 -7.622266500000023 32.99242419999999 Ssettat
91 -8.511690300000055 32.8285457 Sidismail 
92 -10.175928500000055 29.3701124 Sidiifni
93 -7.060599799999977 33.8509477 Skhirate
94 -7.9456658999999945 33.4774313 Sidirahal
95 -8.54738210000005 33.2312144 Sidibouzid
96 -5.110955200000035 33.5228062 Ifran
97 -9.551496499999985 30.3523115 Inzegan
98 -8.845797700000048 31.1719751 Imintanoute   
99 -5.015645599999971 33.7311674 Imouzzer
100 -2.1794135999999753 34.3061791 Jrada
101 -6.0017674000000625 32.3576301 Jamaatshaim
102 -6.269460799999933 32.5958283 Kasbattadla 
103 -6.057330200000024 33.8153704 khemissate
104 -6.126192500000002 31.2370612 kalaatmegouna
105 -5.915536900000006 35.0035307 kasrkbir
106 -5.72340069999995065 29.8257743 MhamidGhizlane
107 -4.013361000000032 31.0801676 Marzouga
108 -7.91979409999999 31.1377449 imlil
109 -7.1318995999999976 31.047043 Aitbenhadou
110 -6.467660900000055 31.6456567 AitBouguemez
111 -6.71975599999961 32.0152979 Ouzoud
112 -4.0133610000000 32.1085649 Benelwidane
113 -6.099025799999936 31.8286379 OuedAhanesal
114 -3.152869199999941 34.9815148 Tiztoutine
115 -4.013361000000032 34.0613642 Oualili
116 -5.335087599999952 33.395397 SidiAddi 
117 -8.21648099999993 32.9547248 Oulad Frej 
118 -8.478758999999968 30.6362398 OuladBerhil 
119 -6.797592000000009 32.2018894 Ouladayad
120 -7.855108599999994 31.19477729999999 Oukaimeden
121 -8.519925400000034 32.3931336 OuladAmrane
122 -8.240439700000024 31.2185473 Amizmiz 
123 -2.514842000000044 34.8861599 Aklim 
124 -2.032217199999991 34.0084384 AinBniMathar 
125 -5.041655100000071 33.8860615 AinCheggag 
126 -5.549915599999963 34.5997921 AinDefali
127 -2.1033016999999745 34.9518203 Ahfir 
128 -9.436711599999967 28.6089376 Assa
129 -8.608509000000026 33.1760943 OuladGhadbane
130 -4.890968100000009 34.0084384 BabBerred 
131 -8.797693699999968 30.5122316 AitIaaza
132 -5.3390101999999615 33.2875171 ainleuh
133 -7.238317800000004 33.0656876 BenAhmed  
134 -7.348955100000012 33.6812829 BenYakhlef  
135 -5.485645999999974 33.7557952 Boufakrane  
136 -5.566322200000059 34.9645166 Brikcha 
137 -6.091751700000032 34.4207757 DarGueddari 
138 -3.3313365000000204 35.1225129 Figuig  
139 -1.2298060000000532 32.1092613 DouarBelAguide
140 -5.736564199999975 34.6159961 HadKourt  
141 -9.464489299999968 30.2969233 Lqliâa  
142 -6.065271899999971 34.8465381 LallaMimouna 
143 -9.217598800000019 30.3917567 OuladTeïma
